violated
result.cinput: [-0.7379098534584045, -0.43984830379486084, 0.28434449434280396, -0.747853696346283, 0.6066319942474365, -0.0601709708571434, -0.7540175914764404, 0.5664526224136353, -0.0658935010433197, -0.7467784285545349, -0.01863357611000538, -0.024300700053572655, -0.8086525797843933, -0.03651607409119606, -0.25917601585388184, -0.9604510068893433, -0.985470175743103, 0.7615481019020081, 0.365826815366745, 0.34460991621017456, -0.504919171333313, -0.23665370047092438, -0.24519681930541992, 0.5730745196342468, -1.0, -1.0, 0.23988506197929382, -0.26349592208862305, -0.9900000095367432, 0.2008904367685318, 0.5218096971511841, -0.7564875483512878, -0.7641575336456299, 0.5517973899841309, -0.09535945951938629, 0.2043060064315796, -0.47514039278030396, 0.8929016590118408, -0.7642064690589905, -0.00406064186245203, -0.001357658882625401, -0.8742771148681641, -0.9986763000488281, -0.26641443371772766, -0.9852010607719421, -0.9673755764961243, 0.805021345615387, 0.8149922490119934, 0.7235785126686096, -0.39925336837768555, -0.24604183435440063, -0.2572835087776184, 0.8088915944099426, -1.0, -0.9900000095367432, -0.2433333396911621, 0.7854290008544922, -1.0, 0.20026996731758118, 0.5153506398200989, -0.734420120716095, -0.7836763858795166, 0.5521974563598633, -0.0952296108007431, 0.20326818525791168, -0.47498947381973267, 0.8719332814216614, -0.7637227177619934, -0.0022011406254023314, -0.006107799243181944, -0.9192718863487244, -0.9761499166488647, 0.008932874538004398, -0.9671210646629333, -0.9706157445907593, 0.7925382852554321, 0.7918986082077026, 0.7236797213554382, -0.38493362069129944, 0.04651105776429176, 0.019799744710326195, 0.8130803108215332, -0.9900000095367432, -0.9900000095367432, 0.16882352530956268, 0.7650177478790283, -1.0, -0.7559803128242493, -0.4402604401111603, 0.3222375810146332, -0.745076596736908, 0.5891209244728088, -0.05800974741578102, -0.7323541641235352, 0.5712653994560242, -0.06165631115436554, -0.7450383305549622, 0.0017499205423519015, -0.01100616343319416, -1.0, -0.029370315372943878, -0.06681749224662781, -0.9609039425849915, -0.9703383445739746, 0.7328170537948608, 0.29827389121055603, 0.28191864490509033, -0.5032250285148621, 0.07734891772270203, -0.005445278249680996, 0.5086879730224609, -0.9900000095367432, -0.9900000095367432, -0.3306593596935272, 0.4664336144924164, -1.0, -1.0, -1.0, -1.0, -1.0, -1.0, -0.9900000095367432, -1.0, -1.0, -1.0, -1.0, -1.0, -1.0]
result.coutput: [0.7429494857788086, 0.7429506778717041]
0.07911383803002536