violated
result.cinput: [-0.04566747322678566, -0.026692479848861694, -0.024346645921468735, 0.010658098384737968, -0.6974285840988159, 0.63602614402771, -0.04521777853369713, -0.7131052017211914, 0.6208134293556213, 0.01949167437851429, -0.014958460815250874, -0.03289464861154556, -0.8342984914779663, -0.059577129781246185, -0.3532795011997223, -1.0, -1.0, 0.755334734916687, 0.3472188711166382, 0.3532505929470062, -0.5855055451393127, -0.34276914596557617, -0.3329722285270691, 0.5673913359642029, -0.9750000238418579, -0.9819329380989075, 0.18175676465034485, -0.24784553050994873, -0.9750000238418579, 0.9045405387878418, -0.025259561836719513, 0.024620642885565758, -0.014666834846138954, -0.6806989908218384, 0.6531673669815063, 0.9043315052986145, 0.23827701807022095, -0.4275834262371063, -0.014811260625720024, -0.021799562498927116, 0.03364234045147896, -0.8512653708457947, -0.992642343044281, -0.3605123460292816, -1.0, -0.9750000238418579, 0.8319187164306641, 0.8410679697990417, 0.6852067112922668, -0.4738638997077942, -0.35082462430000305, -0.34505268931388855, 0.7852191925048828, -0.9750000238418579, -0.9750000238418579, 0.05450819060206413, 0.750485897064209, -1.0, 0.9041387438774109, 0.026163402944803238, 0.024904485791921616, -0.014863451942801476, -0.6808130741119385, 0.6526490449905396, 0.9037886261940002, 0.23646247386932373, -0.42916521430015564, -0.014956614002585411, -0.01925821416079998, -0.02110780030488968, -0.9484763145446777, -0.9922120571136475, -0.10976763814687729, -1.0, -0.9750000238418579, 0.7879899740219116, 0.7955266237258911, 0.6922535300254822, -0.4695027470588684, -0.08220621198415756, -0.10765871405601501, 0.7916483283042908, -0.9750000238418579, -0.9750000238418579, 0.18382354080677032, 0.7500177621841431, -1.0, -0.04568985849618912, -0.024236179888248444, -0.025400960817933083, -0.0316440686583519, -0.697949230670929, 0.6352869868278503, -0.04533679783344269, -0.7116361856460571, 0.6218872666358948, -0.03157220780849457, 0.00607835128903389, 0.003993837162852287, -1.0, -0.005037141963839531, -0.179158017039299, -0.9750000238418579, -1.0, 0.7258360385894775, 0.3272421061992645, 0.31179070472717285, -0.585965096950531, -0.0651041716337204, -0.1121974065899849, 0.5587114095687866, -0.9750000238418579, -0.9750000238418579, 0.002653619274497032, 0.5014336109161377, -0.9750000238418579, -1.0, -1.0, -1.0, -1.0, -0.9750000238418579, -0.9750000238418579, -1.0, -1.0, -1.0, -1.0, -1.0, -1.0]
result.coutput: [0.020302802324295044, 0.02030138671398163]
1.594264972023666