violated
result.cinput: [0.49295127391815186, 0.8280975818634033, -0.49136850237846375, 0.47306281328201294, -0.19325359165668488, -0.8601602911949158, 0.4992154836654663, -0.18737894296646118, -0.8356733918190002, 0.4737534523010254, -0.0036335752811282873, -0.009300700388848782, -0.6639831066131592, -0.05823109671473503, -0.5346572399139404, -0.9477838277816772, -0.9559212327003479, 0.8162133693695068, 0.4284876883029938, 0.4339834451675415, -0.6840758323669434, -0.508398175239563, -0.5218077898025513, 0.6375776529312134, -0.9750000238418579, -0.9750000238418579, 0.2548850476741791, -0.24784553050994873, -1.0, -0.5805522799491882, -0.2546989321708679, 0.46988391876220703, 0.45083609223365784, -0.2166270762681961, -0.8844441175460815, -0.5748782157897949, 0.7417545914649963, 0.09330736100673676, 0.4505269229412079, 0.030939357355237007, 0.03364234045147896, -0.775493860244751, -0.9537467956542969, -0.5396347641944885, -0.951541543006897, -0.9543148279190063, 0.8508802056312561, 0.8596466779708862, 0.767927885055542, -0.6110619306564331, -0.5145012140274048, -0.5331165790557861, 0.8542202115058899, -0.9750000238418579, -0.9750000238418579, -0.2083333432674408, 0.8004858493804932, -1.0, -0.581169605255127, -0.2598189115524292, 0.49495047330856323, 0.4504494369029999, -0.21684713661670685, -0.884844183921814, -0.5762860774993896, 0.7425881624221802, 0.09151803702116013, 0.4503265917301178, 0.03279886022210121, 0.02889220044016838, -0.8537331819534302, -0.9504914879798889, -0.41054216027259827, -0.9540276527404785, -0.9584663510322571, 0.8574001789093018, 0.864154577255249, 0.7673117518424988, -0.5995352864265442, -0.33930644392967224, -0.36613762378692627, 0.8603501915931702, -0.9750000238418579, -0.9750000238418579, 0.18382352590560913, 0.7999609112739563, -1.0, 0.4923160970211029, 0.8219194412231445, -0.47951170802116394, 0.4727065861225128, -0.19369325041770935, -0.860927939414978, 0.4982261657714844, -0.18545156717300415, -0.8338272571563721, 0.47274890542030334, 0.016749920323491096, 0.003993837162852287, -0.9599347710609436, -0.052788253873586655, -0.4108985364437103, -0.9494528770446777, -0.9576693773269653, 0.7875037789344788, 0.38811928033828735, 0.37159281969070435, -0.6835370659828186, -0.32799240946769714, -0.4246947765350342, 0.5809255242347717, -0.9750000238418579, -0.9750000238418579, -0.31565937399864197, 0.5014336109161377, -1.0, -1.0, -1.0, -1.0, -1.0, -1.0, -1.0, -1.0, -1.0, -1.0, -1.0, -1.0, -1.0]
result.coutput: [-0.04409637302160263, 0.19997522234916687]
0.014777752105146646