violated
result.cinput: [0.5434648394584656, 0.8811072707176208, -0.42066237330436707, 0.516822874546051, -0.1994500756263733, -0.8664149045944214, 0.5020104646682739, -0.19450178742408752, -0.8284704089164734, 0.517533540725708, -0.05363357439637184, -0.009300700388848782, -0.6651144027709961, -0.11545296758413315, -0.5487310290336609, -0.9736780524253845, -0.9884777665138245, 0.7603556513786316, 0.3905141353607178, 0.3686170279979706, -0.7145980000495911, -0.5081387758255005, -0.5450132489204407, 0.5829192399978638, -1.0, -0.9750000238418579, 0.2548850476741791, -0.2978455424308777, -0.9750000238418579, -0.5225009322166443, -0.24105429649353027, 0.5412168502807617, 0.4927728474140167, -0.17477408051490784, -0.8427931070327759, -0.513214111328125, 0.7836543917655945, 0.1073266789317131, 0.49238812923431396, -0.019060641527175903, -0.016357658430933952, -0.7759952545166016, 0.9739139676094055, -0.554531455039978, -0.980765163898468, -0.9833276271820068, 0.8012887835502625, 0.8082298636436462, 0.7192067503929138, -0.6369776725769043, -0.5168273448944092, -0.5544103384017944, 0.8043027520179749, -0.9750000238418579, -0.9750000238418579, -0.2083333432674408, 0.8004858493804932, -1.0, -0.5233573317527771, -0.1933468133211136, 0.5272553563117981, 0.49246639013290405, -0.1747770756483078, -0.8427777886390686, -0.5651977062225342, 0.7924574613571167, 0.10496257990598679, 0.49240463972091675, -0.017201140522956848, -0.02110779844224453, -0.905430793762207, -0.9709639549255371, -0.3627796769142151, -0.9849618673324585, -0.9413626194000244, 0.8014277815818787, 0.8080646395683289, 0.7609490752220154, -0.6235129833221436, -0.32185056805610657, -0.37779080867767334, 0.8044829368591309, -1.0, -1.0, 0.18382352590560913, 0.800017774105072, -1.0, 0.5428913831710815, 0.8637632727622986, -0.3934381306171417, 0.5174698829650879, -0.19925087690353394, -0.8660653233528137, 0.5524048805236816, -0.1930919885635376, -0.8274037837982178, 0.5174551010131836, 0.016749920323491096, 0.003993837162852287, -0.9601110816001892, -0.11360149830579758, -0.41839155554771423, -0.9734514355659485, -0.9914864897727966, 0.7246868014335632, 0.3280085325241089, 0.28608956933021545, -0.6643693447113037, -0.3105878531932831, -0.390262633562088, 0.5015881657600403, -0.9750000238418579, -1.0, -0.34675073623657227, 0.4508657455444336, -0.9750000238418579, -1.0, -1.0, -1.0, -1.0, -0.9750000238418579, -0.9750000238418579, -1.0, -1.0, -1.0, -1.0, -1.0, -1.0]
result.coutput: [0.014432460069656372, 0.014438852667808533]
44.85258803097531