violated
result.cinput: [-0.7843770980834961, 0.003307520179077983, -0.004346644505858421, -0.7607497572898865, 0.5728181004524231, -0.0939062237739563, -0.7824452519416809, 0.5464462041854858, -0.11592008918523788, -0.7605958580970764, 0.015041539445519447, -0.06289464980363846, -0.8375322222709656, -0.033633697777986526, -0.1803460717201233, -0.9950000047683716, -0.9950000047683716, 0.7752928733825684, 0.3471527397632599, 0.3448818027973175, -0.4699813425540924, -0.16907262802124023, -0.15179789066314697, 0.5787577629089355, -0.9950000047683716, -1.0, 0.15175676345825195, -0.2678455412387848, -0.9950000047683716, 0.18577776849269867, 0.004740437958389521, -0.005379358306527138, -0.8038894534111023, 0.5321027040481567, -0.1350259929895401, 0.18648651242256165, -0.49457603693008423, 0.846991777420044, -0.8039011359214783, 0.00820043683052063, 0.013642340898513794, -0.8925651907920837, -0.9733492732048035, -0.17787303030490875, -1.0, -0.9950000047683716, 0.7948161959648132, 0.8046329617500305, 0.6990792751312256, -0.33307409286499023, -0.1666814237833023, -0.1632581502199173, 0.7984104752540588, -0.9950000047683716, -1.0, 0.030188150703907013, 0.7804858684539795, -1.0, 0.18560706079006195, 0.006163401994854212, -0.8915901780128479, -0.8039439916610718, 0.5320559144020081, -0.13546942174434662, 0.18738973140716553, -0.495743989944458, 0.8438679575920105, -0.7939568161964417, 0.010741785168647766, 0.008892200887203217, -0.9421353340148926, -0.9771668314933777, 0.1102779358625412, -1.0, -0.9953078627586365, 0.7908193469047546, 0.7990480065345764, 0.7060563564300537, -0.32984912395477295, 0.15267182886600494, 0.11833617836236954, 0.7947799563407898, -0.9950000047683716, -0.9950000047683716, 0.15382353961467743, 0.7700177431106567, -1.0, -0.7839924693107605, -0.0042361789382994175, 0.004599039908498526, -0.7618431448936462, 0.5722911357879639, -0.09477409720420837, -0.7823201417922974, 0.5489911437034607, -0.11461714655160904, -0.7617840766906738, -0.013921649195253849, -0.016006164252758026, -0.9873109459877014, -0.029251687228679657, 0.03603963553905487, -1.0, -0.9950000047683716, 0.7445319294929504, 0.3267607092857361, 0.31191688776016235, -0.4617619216442108, 0.17745311558246613, 0.11376437544822693, 0.5175150632858276, -0.9950000047683716, -0.9950000047683716, -0.027346380054950714, 0.48143360018730164, -0.9950000047683716, -1.0, -1.0, -1.0, -1.0, -0.9950000047683716, -1.0, -1.0, -1.0, -1.0, -1.0, -1.0, -1.0]
result.coutput: [0.16208481788635254, 0.16207875311374664]
0.07111471612006426