violated
result.cinput: [0.38612866401672363, 0.008307520300149918, 0.010653355158865452, 0.4149397313594818, -0.2512930929660797, -0.9182053208351135, 0.38610851764678955, -0.2822082042694092, -0.9487947821617126, 0.4156738817691803, -0.01863357611000538, -0.024300700053572655, -0.8461241126060486, -0.008127371780574322, -0.09580092132091522, -0.9900000095367432, -0.9900000095367432, 0.7706694602966309, 0.3557606637477875, 0.3338770568370819, -0.41125982999801636, -0.08695200830698013, -0.07534568011760712, 0.572888195514679, -0.9900000095367432, -0.9900000095367432, 0.26862069964408875, -0.269349604845047, -1.0, -0.6515337228775024, 0.010015279054641724, 0.009620641358196735, 0.3722798526287079, -0.29501956701278687, -0.9630208015441895, -0.6713284850120544, 0.6823707222938538, 0.0032003826927393675, 0.3719792068004608, 0.01593935862183571, 0.01864234171807766, -0.8971493244171143, -0.9870638847351074, -0.10279683023691177, -0.9900000095367432, -0.9900000095367432, 0.7950915694236755, 0.8037508726119995, 0.7149611711502075, -0.261676549911499, -0.09614704549312592, -0.08490514010190964, 0.7988248467445374, -0.9900000095367432, -0.9900000095367432, -0.14000000059604645, 0.785088062286377, -1.0, -0.6515942811965942, 0.010462497361004353, 0.009824876673519611, 0.3719933331012726, -0.2950318455696106, -0.9630074501037598, -0.671705961227417, 0.6829162836074829, 0.014697826467454433, 0.37200212478637695, 0.017798859626054764, 0.013892200775444508, -0.9335992336273193, -0.9662795066833496, 0.21869191527366638, -0.9900000095367432, -0.9900000095367432, 0.7949944138526917, 0.8036593198776245, 0.7067126035690308, -0.24491237103939056, 0.2465423345565796, 0.21792501211166382, 0.7987788915634155, -0.9900000095367432, -0.9900000095367432, 0.2217646986246109, 0.7845062017440796, -1.0, 0.38585948944091797, 0.012312346138060093, 0.00673944316804409, 0.4156685173511505, -0.2511056959629059, -0.9179851412773132, 0.3864906430244446, -0.28045377135276794, -0.947063684463501, 0.41558748483657837, 0.0017499205423519015, -0.01100616343319416, -0.983073353767395, -0.0025922770146280527, 0.127127006649971, -0.9900000095367432, -0.9900000095367432, 0.7336400747299194, 0.2410479187965393, 0.2480602115392685, -0.41085106134414673, 0.2681029438972473, 0.21039652824401855, 0.4863143265247345, -0.9900000095367432, -0.9900000095367432, -0.27205130457878113, 0.4807550311088562, -1.0, -1.0, -1.0, -1.0, -1.0, -1.0, -1.0, -1.0, -1.0, -1.0, -1.0, -1.0, -1.0]
result.coutput: [0.184843972325325, 0.16465067863464355]
0.020737179089337587