violated
result.cinput: [-0.8791165947914124, -0.5838783383369446, 0.2299257516860962, -0.8588595986366272, 0.47483113408088684, -0.19199907779693604, -0.8760213851928711, 0.44712284207344055, -0.20703916251659393, -0.8586642742156982, 0.020041540265083313, -0.04789464920759201, -0.8371963500976562, -0.042625874280929565, -0.13557679951190948, -0.958118200302124, -0.9687408208847046, 0.7510879039764404, 0.3545580208301544, 0.3338770568370819, -0.4455573856830597, -0.11440985649824142, -0.1247866302728653, 0.572888195514679, -0.9900000095367432, -1.0, 0.14675675332546234, -0.26284554600715637, -0.9900000095367432, 0.08416631072759628, 0.3911665678024292, -0.8817967176437378, -0.904732882976532, 0.43658873438835144, -0.23591585457324982, 0.08737862855195999, -0.5915098786354065, 0.7559402585029602, -0.9047303795814514, 0.013200436718761921, -0.0013576587662100792, -0.8901465535163879, -1.0, -0.14359219372272491, -0.9841800928115845, -0.9853968024253845, 0.775822103023529, 0.7844577431678772, 0.6811469197273254, -0.30246949195861816, -0.12372926622629166, -0.13333500921726227, 0.7795200347900391, -0.9900000095367432, -0.9900000095367432, 0.039508190006017685, 0.7654858827590942, -1.0, 0.08382908999919891, 0.37629735469818115, -0.8371457457542419, -0.9046226739883423, 0.43164652585983276, -0.2359154224395752, 0.08659859746694565, -0.5917109847068787, 0.7552772164344788, -0.9045974612236023, -0.00425821403041482, -0.006107798777520657, -0.9294560551643372, -1.0, 0.1690017133951187, -0.9852144718170166, -0.9877650737762451, 0.7957409620285034, 0.8043757677078247, 0.7004929780960083, -0.29575175046920776, 0.2192682921886444, 0.15787386894226074, 0.7795122861862183, -1.0, -1.0, 0.16882354021072388, 0.7649609446525574, -1.0, -0.8794280290603638, -0.5656690001487732, 0.18072231113910675, -0.8589074611663818, 0.47499603033065796, -0.1918119490146637, -0.8759427070617676, 0.448371022939682, -0.18638578057289124, -0.8589388132095337, -0.008921649307012558, -0.01100616343319416, -0.9825708866119385, -0.038571007549762726, 0.08119591325521469, -0.9589320421218872, -0.9889189004898071, 0.7140815854072571, 0.266322523355484, 0.2742462158203125, -0.4471122622489929, 0.24346669018268585, 0.15723265707492828, 0.48715221881866455, -1.0, -0.9900000095367432, -0.03234638273715973, 0.48643359541893005, -0.9900000095367432, -1.0, -1.0, -1.0, -1.0, -0.9900000095367432, -0.9900000095367432, -1.0, -1.0, -1.0, -1.0, -1.0, -1.0]
result.coutput: [-0.04839783161878586, -0.04840030521154404]
5.4549796159844846