violated
result.cinput: [0.7004337310791016, -0.011692479252815247, 0.010653355158865452, 0.7194972038269043, 0.05294400453567505, -0.6338080763816833, 0.697977602481842, 0.033987000584602356, -0.6315154433250427, 0.720032811164856, 4.153978079557419e-05, -0.04789464920759201, -0.8267138600349426, -0.03200636804103851, -0.22918260097503662, -1.0, -0.9900000095367432, 0.7832217216491699, 0.3417739272117615, 0.34815603494644165, -0.49922502040863037, -0.2214137464761734, -0.2111247181892395, 0.5691925287246704, -1.0, -0.9900000095367432, 0.1667567640542984, -0.28284552693367004, -0.9900000095367432, -0.3426384925842285, -0.010259561240673065, 0.009620641358196735, 0.6820704340934753, 0.014282413758337498, -0.653416097164154, -0.3652759790420532, 0.9924673438072205, 0.3062896728515625, 0.6817398071289062, -0.006799562834203243, -0.0013576587662100792, -0.8837900161743164, -0.9795578718185425, -0.23634417355060577, -0.9900000095367432, -0.9900000095367432, 0.7842777371406555, 0.7946349382400513, 0.6882864236831665, -0.36892518401145935, -0.2293081283569336, -0.2223806381225586, 0.788526177406311, -0.9900000095367432, -0.9900000095367432, 0.039508190006017685, 0.7654858827590942, -1.0, -0.34269869327545166, -0.008836597204208374, 0.009904485195875168, 0.6815851330757141, 0.014170380309224129, -0.6539472341537476, -0.3454681932926178, 0.9907869696617126, 0.3065621256828308, 0.6814784407615662, -0.00425821403041482, 0.013892200775444508, -0.9444112181663513, -0.9797053337097168, 0.04593803733587265, -1.0, -0.9900000095367432, 0.7910451889038086, 0.798704981803894, 0.7156338095664978, -0.3655497133731842, 0.07558758556842804, 0.04411163181066513, 0.7945471405982971, -0.9900000095367432, -1.0, 0.14882352948188782, 0.7650177478790283, -1.0, 0.701133131980896, -0.009236179292201996, 0.00959903933107853, 0.7188445329666138, 0.0522892102599144, -0.6147252917289734, 0.6992282271385193, 0.03551807254552841, -0.6501867771148682, 0.7188979983329773, -0.008921649307012558, -0.01100616343319416, -0.9820060133934021, -0.02946297824382782, -0.032593876123428345, -1.0, -0.9900000095367432, 0.73215651512146, 0.31926578283309937, 0.30421918630599976, -0.48121821880340576, 0.09670116752386093, 0.04234082251787186, 0.5275554060935974, -0.9900000095367432, -0.9900000095367432, -0.022976648062467575, 0.48643359541893005, -0.9900000095367432, -1.0, -1.0, -1.0, -1.0, -0.9900000095367432, -0.9900000095367432, -1.0, -1.0, -1.0, -1.0, -1.0, -1.0]
result.coutput: [1.1843678951263428, 0.6538558602333069]
1.1319128428585827