violated
result.cinput: [-0.8457528352737427, -0.5185326337814331, 0.16701240837574005, -0.8298649787902832, 0.5046996474266052, -0.16211627423763275, -0.8427917957305908, 0.4830186069011688, -0.1773356795310974, -0.8287620544433594, -0.01863357611000538, -0.024300700053572655, -0.8188024163246155, -0.027816012501716614, -0.22071851789951324, -0.972892701625824, -0.9785527586936951, 0.7836401462554932, 0.3629765510559082, 0.3693380653858185, -0.49082884192466736, -0.20498055219650269, -0.20402580499649048, 0.5899689197540283, -0.9900000095367432, -0.9900000095367432, 0.23988506197929382, -0.262845516204834, -1.0, 0.11140529066324234, 0.44261103868484497, -0.8859066963195801, -0.8698187470436096, 0.4663853347301483, -0.20084556937217712, 0.1137511357665062, -0.5612896084785461, 0.780897319316864, -0.8698447942733765, 0.01593935862183571, 0.01864234171807766, -0.8791537880897522, -0.9733924865722656, -0.2284376472234726, -0.9765951633453369, -0.9764253497123718, 0.8053930997848511, 0.8157067894935608, 0.7235785126686096, -0.3640892803668976, -0.21381334960460663, -0.21456371247768402, 0.8092569708824158, -0.9900000095367432, -0.9900000095367432, -0.22333334386348724, 0.7854290008544922, -1.0, 0.11056666076183319, 0.40266063809394836, -0.8002622127532959, -0.8698513507843018, 0.46627387404441833, -0.20131967961788177, 0.11213761568069458, -0.5616791248321533, 0.7801727652549744, -0.8698908686637878, 0.017798859626054764, 0.013892200775444508, -0.9223124384880066, -0.9697902202606201, 0.05475043132901192, -0.9760184288024902, -0.97802734375, 0.811791718006134, 0.8194214701652527, 0.7233262658119202, -0.34793946146965027, 0.08661380410194397, 0.038119588047266006, 0.815280556678772, -0.9900000095367432, -0.9900000095367432, 0.16882352530956268, 0.7850177884101868, -1.0, -0.8461939096450806, -0.5119230151176453, 0.15677307546138763, -0.8299408555030823, 0.504299521446228, -0.16289374232292175, -0.8432667851448059, 0.48433688282966614, -0.17457643151283264, -0.82990562915802, 0.0017499205423519015, -0.01100616343319416, -0.9816487431526184, -0.023384086787700653, -0.023862415924668312, -0.9736649394035339, -0.9778043627738953, 0.7535015344619751, 0.31919917464256287, 0.3040204346179962, -0.49111413955688477, 0.08627256751060486, 0.02538658306002617, 0.5297369956970215, -0.9900000095367432, -0.9900000095367432, -0.3306593596935272, 0.48643362522125244, -1.0, -1.0, -1.0, -1.0, -1.0, -1.0, -1.0, -1.0, -1.0, -1.0, -1.0, -1.0, -1.0]
result.coutput: [0.29150697588920593, -0.3478609025478363]
0.033409249037504196