violated
result.cinput: [-0.09773150831460953, 0.173691526055336, 0.9832602143287659, -0.08215408027172089, -0.7681893110275269, 0.5853127837181091, -0.09388638287782669, -0.7962512969970703, 0.576086163520813, -0.0812535434961319, -0.01863357611000538, -0.024300700053572655, -0.7803224921226501, -0.04845593124628067, -0.3570665717124939, -0.9757853746414185, -0.9871054887771606, 0.779958188533783, 0.39855268597602844, 0.39661937952041626, -0.5841814875602722, -0.33230867981910706, -0.34708237648010254, 0.6002484560012817, -0.9900000095367432, -0.9900000095367432, 0.23988506197929382, -0.26349592208862305, -0.9900000095367432, 0.8518228530883789, -0.9024366140365601, -0.08838563412427902, -0.11522338539361954, -0.7816168069839478, 0.5526630878448486, 0.8519089221954346, 0.175090953707695, -0.4946463704109192, -0.1153811663389206, -0.00406064186245203, -0.001357658882625401, -0.8564906716346741, -0.9807848930358887, -0.3592400848865509, -0.9825201034545898, -0.9854363203048706, 0.798034131526947, 0.8074971437454224, 0.7159547209739685, -0.4724592864513397, -0.3364682197570801, -0.35277247428894043, 0.8016807436943054, -0.9900000095367432, -1.0, -0.22333334386348724, 0.7854290008544922, -1.0, 0.8775983452796936, -0.873099684715271, -0.03421059250831604, -0.115460604429245, -0.7816879153251648, 0.5522416234016418, 0.859801173210144, 0.20211146771907806, -0.4696066677570343, -0.11551640182733536, -0.0022011406254023314, -0.006107799243181944, -0.9210442900657654, -0.9852083921432495, -0.18340791761875153, -0.9896631836891174, -0.9894754886627197, 0.8244830369949341, 0.8116012811660767, 0.734991192817688, -0.4838927388191223, -0.15451641380786896, -0.16937792301177979, 0.8277484178543091, -1.0, -1.0, 0.1747058779001236, 0.7848472595214844, -1.0, -0.06846878677606583, 0.19081896543502808, -0.9767462015151978, -0.08410726487636566, -0.7504432201385498, 0.5828327536582947, -0.06580962240695953, -0.7421188950538635, 0.6066046953201294, -0.0840502455830574, 0.0017499205423519015, -0.01100616343319416, -0.99932861328125, -0.05557909980416298, -0.2206832468509674, -0.9874228835105896, -0.994358479976654, 0.7298241257667542, 0.30955153703689575, 0.2739763855934143, -0.591708242893219, -0.1187921091914177, -0.17083041369915009, 0.502896785736084, -0.9900000095367432, -1.0, -0.34333336353302, 0.48586606979370117, -1.0, -1.0, -1.0, -1.0, -1.0, -0.9900000095367432, -0.9900000095367432, -1.0, -1.0, -1.0, -1.0, -1.0, -1.0]
result.coutput: [0.1896180510520935, 0.18961195647716522]
5.230206266976893