violated
result.cinput: [-0.10024604201316833, 0.22228485345840454, 0.9562336206436157, -0.10056164860725403, -0.7466294169425964, 0.5868728756904602, -0.09506742656230927, -0.7782849073410034, 0.5918607711791992, -0.09972522407770157, -0.01863357611000538, -0.04430070146918297, -0.7738621234893799, -0.04944268614053726, -0.3811272382736206, -0.9588958024978638, -0.9892858862876892, 0.7707531452178955, 0.38342154026031494, 0.39061465859413147, -0.6003439426422119, -0.35662776231765747, -0.36891499161720276, 0.603167712688446, -1.0, -1.0, 0.23988506197929382, -0.26349592208862305, -0.9900000095367432, 0.8476136326789856, -0.816756546497345, -0.11307116597890854, -0.11273423582315445, -0.7991645932197571, 0.5551170110702515, 0.8521008491516113, 0.17055577039718628, -0.47981008887290955, -0.11292445659637451, -0.00406064186245203, -0.001357658882625401, -0.8500134944915771, -0.997818112373352, -0.3873492479324341, -0.9638605713844299, -0.9654363393783569, 0.8187776803970337, 0.8282116651535034, 0.736661970615387, -0.4967741072177887, -0.3638213872909546, -0.37944352626800537, 0.8224115967750549, -1.0, -0.9900000095367432, -0.22333334386348724, 0.7854858636856079, -1.0, 0.8463924527168274, -0.8364517092704773, -0.13285259902477264, -0.13303594291210175, -0.7792356610298157, 0.554631769657135, 0.8515881896018982, 0.1692296415567398, -0.4621235728263855, -0.11305999010801315, -0.0022011406254023314, -0.006107799243181944, -0.9042989015579224, -0.9996734261512756, -0.14898450672626495, -0.9652144908905029, -0.9671949744224548, 0.8052295446395874, 0.8123177289962769, 0.7356981039047241, -0.4842432141304016, -0.11699128895998001, -0.15401363372802734, 0.8284818530082703, -0.9900000095367432, -0.9900000095367432, 0.14882352948188782, 0.7650177478790283, -1.0, -0.10086744278669357, 0.22290915250778198, 0.9662895798683167, -0.1008102223277092, -0.7472076416015625, 0.5861905217170715, -0.09625348448753357, -0.7770234942436218, 0.5949001312255859, -0.10075310617685318, 0.0017499205423519015, -0.01100616343319416, -0.9994722008705139, -0.043449483811855316, -0.21506935358047485, -0.9598468542098999, -0.9695444107055664, 0.7414946556091309, 0.3223249316215515, 0.306454598903656, -0.5998318791389465, -0.09941213577985764, -0.14704780280590057, 0.5250632762908936, -0.9900000095367432, -0.9900000095367432, -0.3306593596935272, 0.4664336144924164, -0.9900000095367432, -1.0, -1.0, -1.0, -1.0, -1.0, -1.0, -1.0, -1.0, -1.0, -1.0, -1.0, -1.0]
result.coutput: [0.22477754950523376, 0.15339791774749756]
0.02132307388819754