violated
result.cinput: [-0.24582968652248383, -0.4936332404613495, -0.5748279094696045, -0.21897661685943604, -0.9348143935203552, 0.3985728621482849, -0.26004594564437866, -0.9075815677642822, 0.4794846177101135, -0.26803499460220337, -0.0036335752811282873, -0.05930069833993912, -0.8137670159339905, -0.05834882706403732, -0.44688528776168823, -0.9376749396324158, -0.9961093068122864, 0.748221755027771, 0.3544347584247589, 0.37111008167266846, -0.6333712935447693, -0.4403696358203888, -0.4375041425228119, 0.6104037165641785, -1.0, -1.0, 0.21063219010829926, -0.2997967600822449, -0.9750000238418579, 0.6981896758079529, 0.4419163167476654, 0.387396901845932, -0.24858471751213074, -0.9145457148551941, 0.4193597137928009, 0.7344715595245361, 0.0871216207742691, -0.6268323063850403, -0.24874749779701233, 0.030939357355237007, -0.016357658430933952, -0.8352357149124146, -0.9353197813034058, -0.4606357216835022, -0.9429758191108704, -0.9439325928688049, 0.8467321991920471, 0.8538517951965332, 0.7148239612579346, -0.5412976145744324, -0.45608869194984436, -0.4541185200214386, 0.7998343706130981, -0.9750000238418579, -0.9750000238418579, -0.25, 0.7503154873847961, -1.0, 0.7156914472579956, 0.41179171204566956, 0.3161236643791199, -0.2485886663198471, -0.9645859599113464, 0.419372022151947, 0.6536095142364502, 0.05455806478857994, -0.6616589426994324, -0.24860312044620514, 0.03279886022210121, -0.02110779844224453, -0.9475537538528442, -0.9064182639122009, -0.16011187434196472, -0.996401309967041, -0.9476339817047119, 0.7965751886367798, 0.8037658929824829, 0.7563538551330566, -0.4290626645088196, -0.15388095378875732, -0.1690136343240738, 0.8000825047492981, -0.9750000238418579, -0.9750000238418579, 0.13970588147640228, 0.7998472452163696, -1.0, -0.23240719735622406, -0.5363524556159973, -0.6413411498069763, -0.26620230078697205, -0.9328365921974182, 0.40076714754104614, -0.24437008798122406, -0.9428088068962097, 0.44422459602355957, -0.21627038717269897, 0.016749920323491096, 0.003993837162852287, -1.0, -0.017021000385284424, -0.23606349527835846, -0.9379494786262512, -0.9990540742874146, 0.7379308938980103, 0.3646639585494995, 0.32016995549201965, -0.554502010345459, -0.14771002531051636, -0.18780705332756042, 0.5258871912956238, -0.9750000238418579, -0.9750000238418579, -0.36565935611724854, 0.4497300386428833, -1.0, -1.0, -1.0, -1.0, -1.0, -0.9750000238418579, -0.9750000238418579, -1.0, -1.0, -1.0, -1.0, -1.0, -1.0]
result.coutput: [2.620619535446167, -0.6777257919311523]
0.03323695785365999