violated
result.cinput: [-0.7537084817886353, 0.023307520896196365, 0.025653354823589325, -0.7813259363174438, 0.5531364679336548, -0.11360517889261246, -0.7519428133964539, 0.5266692042350769, -0.13582076132297516, -0.7802774906158447, -0.0036335752811282873, -0.009300700388848782, -0.8168885111808777, -0.0031791329383850098, -0.1506756693124771, -0.9750000238418579, -0.9750000238418579, 0.7948744893074036, 0.36715272068977356, 0.3748818039894104, -0.4403957724571228, -0.1384241282939911, -0.13345186412334442, 0.5987577438354492, -0.9750000238418579, -0.9750000238418579, 0.20488505065441132, -0.24784553050994873, -1.0, 0.1562189757823944, -0.02498472109436989, -0.025379357859492302, -0.7736022472381592, 0.5124029517173767, -0.15470731258392334, 0.15737783908843994, -0.5148203372955322, 0.8252682089805603, -0.7736139893531799, -0.019060641527175903, -0.016357658430933952, -0.8727652430534363, -0.9543152451515198, -0.15754616260528564, -0.9750000238418579, -0.9750000238418579, 0.8144444227218628, 0.824633002281189, 0.7332744002342224, -0.3030741214752197, -0.14571601152420044, -0.14325815439224243, 0.8184105157852173, -0.9750000238418579, -0.9750000238418579, -0.25833332538604736, 0.7504858374595642, -1.0, 0.1565229892730713, -0.024537501856684685, -0.8778330087661743, -0.773688793182373, 0.5623248219490051, -0.1551826000213623, 0.15824924409389496, -0.514764666557312, 0.8752428293228149, -0.8237016201019287, -0.017201140522956848, -0.02110779844224453, -0.9618468284606934, -0.9572206735610962, 0.13601548969745636, -0.9750000238418579, -0.964167594909668, 0.8208193182945251, 0.8290479779243469, 0.7323170900344849, -0.29284387826919556, 0.1663893163204193, 0.08535364270210266, 0.8244132995605469, -0.9750000238418579, -1.0, 0.13382352888584137, 0.7499608993530273, -1.0, -0.803198516368866, -0.022687654942274094, -0.019752131775021553, -0.7815684080123901, 0.5526316165924072, -0.11452989280223846, -0.7622542977333069, 0.5294798016548157, -0.0946238562464714, -0.7815307974815369, 0.016749920323491096, 0.003993837162852287, -0.967284619808197, 0.00013648191816173494, 0.04692797362804413, -0.9750000238418579, -0.9750000238418579, 0.7645283341407776, 0.3231993317604065, 0.30749276280403137, -0.4424785077571869, 0.18960508704185486, 0.0803726464509964, 0.5370702147483826, -0.9750000238418579, -0.9750000238418579, -0.36565935611724854, 0.45200115442276, -1.0, -1.0, -1.0, -1.0, -1.0, -1.0, -1.0, -1.0, -1.0, -1.0, -1.0, -1.0, -1.0]
result.coutput: [-0.45949307084083557, -0.45949462056159973]
8.274885255843401