violated
result.cinput: [-0.8833963871002197, -0.026692479848861694, -0.024346644058823586, -0.8686867952346802, 0.4658477306365967, -0.2010323405265808, -0.8836826682090759, 0.45098114013671875, -0.21737080812454224, -0.8676146864891052, -0.0036335752811282873, -0.009300700388848782, -0.7901871204376221, -0.05651833117008209, -0.33482202887535095, -0.9750000238418579, -0.9750000238418579, 0.7540795207023621, 0.343610942363739, 0.3497045040130615, -0.5728657245635986, -0.32558366656303406, -0.31510916352272034, 0.5650621056556702, -0.9750000238418579, -0.9750000238418579, 0.20488505065441132, -0.24784553050994873, -1.0, 0.11841437220573425, -0.02498472109436989, 0.02462064102292061, -0.9045953750610352, 0.43167194724082947, -0.18562248349189758, 0.06795985996723175, -0.5989043116569519, 0.7352635860443115, -0.9045895338058472, -0.019060641527175903, 0.03364234045147896, -0.855327844619751, -0.9935999512672424, -0.34155499935150146, -0.9750000238418579, -1.0, 0.7796879410743713, 0.7892816066741943, 0.6977722644805908, -0.4581769108772278, -0.3328036963939667, -0.3259548842906952, 0.7833921313285828, -0.9750000238418579, -0.9750000238418579, -0.25833332538604736, 0.7504290342330933, -1.0, 0.06792627274990082, -0.024537501856684685, 0.024824876338243484, -0.8805109262466431, 0.48156049847602844, -0.18603286147117615, 0.06695090979337692, -0.5986559987068176, 0.734471321105957, -0.9046356678009033, -0.017201140522956848, 0.02889220044016838, -0.901886522769928, -0.991147518157959, -0.08524096757173538, -0.9750000238418579, -0.9750000238418579, 0.7861235737800598, 0.7933772206306458, 0.6971632838249207, -0.44427773356437683, -0.06721577048301697, -0.08550276607275009, 0.789448082447052, -0.9750000238418579, -0.9750000238418579, 0.13382352888584137, 0.7500177621841431, -1.0, -0.8836981058120728, 0.027312345802783966, -0.02826055698096752, -0.8687873482704163, 0.46545344591140747, -0.20170937478542328, -0.8838551640510559, 0.45254382491111755, -0.21477168798446655, -0.8687828183174133, -0.033250078558921814, 0.003993837162852287, -0.9659985303878784, -0.0026485195849090815, -0.15615229308605194, -0.9750000238418579, -0.9750000238418579, 0.7245399355888367, 0.3018169403076172, 0.2861746847629547, -0.5731896758079529, -0.05053868517279625, -0.0893181562423706, 0.5063680410385132, -0.9750000238418579, -0.9750000238418579, -0.36565935611724854, 0.45086607336997986, -1.0, -1.0, -1.0, -1.0, -1.0, -1.0, -1.0, -1.0, -1.0, -1.0, -1.0, -1.0, -1.0]
result.coutput: [1.4569172859191895, -0.6871427893638611]
0.030451945960521698