violated
result.cinput: [0.5191404819488525, 0.8019838929176331, -0.4177357852458954, 0.49005594849586487, -0.17644526064395905, -0.8870852589607239, 0.4782475531101227, -0.21794725954532623, -0.85231614112854, 0.4405331611633301, 0.03504154086112976, -0.03289464861154556, -0.6416394114494324, -0.12171818315982819, -0.59190833568573, -0.9306765198707581, -0.9450191259384155, 0.8153765201568604, 0.4248797297477722, 0.43161940574645996, -0.7402921319007874, -0.5561283826828003, -0.5853704810142517, 0.5980603694915771, -0.9750000238418579, -0.9750000238418579, 0.18175676465034485, -0.24784553050994873, -0.9750000238418579, -0.553107738494873, -0.23373368382453918, 0.5197008848190308, 0.46733468770980835, -0.24992868304252625, -0.8678404092788696, -0.544923722743988, 0.7619779706001282, 0.07581344991922379, 0.4670538604259491, 0.028200438246130943, -0.0163576602935791, -0.7611472010612488, -0.9678128957748413, -0.598132848739624, -0.937116265296936, -0.9436019062995911, 0.79976487159729, 0.8085748553276062, 0.7523858547210693, -0.669428288936615, -0.5638575553894043, -0.5972752571105957, 0.8531239628791809, -0.9750000238418579, -0.9750000238418579, 0.00676694605499506, 0.750485897064209, -1.0, -0.5540345311164856, -0.21971288323402405, 0.509033203125, 0.43727248907089233, -0.2000095397233963, -0.8683363199234009, -0.5451847910881042, 0.7109566926956177, 0.07288873940706253, 0.4668515622615814, 0.03074178658425808, -0.02110780030488968, -0.8457054495811462, -0.9685191512107849, -0.4204389154911041, -0.9394105672836304, -0.9470638632774353, 0.8559070229530334, 0.863079845905304, 0.7595070004463196, -0.6121031641960144, -0.3775498867034912, -0.431476354598999, 0.8092501163482666, -0.9750000238418579, -0.9750000238418579, 0.13382352888584137, 0.7500177621841431, -1.0, 0.5188235640525818, 0.796487033367157, -0.41428694128990173, 0.43949711322784424, -0.2269839644432068, -0.8441697359085083, 0.5269670486450195, -0.2160266935825348, -0.8521072268486023, 0.48954641819000244, 0.00607835128903389, 0.003993837162852287, -0.9587849974632263, -0.1162051260471344, -0.4699513912200928, -0.9336175322532654, -0.9458791017532349, 0.7865741848945618, 0.4065348207950592, 0.3908803164958954, -0.690169095993042, -0.36256495118141174, -0.4398396909236908, 0.579200804233551, -0.9750000238418579, -0.9750000238418579, -0.04734638333320618, 0.5014336109161377, -0.9750000238418579, -1.0, -1.0, -1.0, -1.0, -1.0, -0.9750000238418579, -1.0, -1.0, -1.0, -1.0, -1.0, -1.0]
result.coutput: [0.023437954485416412, -0.024303846061229706]
0.20791334309615195