violated
result.cinput: [0.6551616191864014, 0.023307520896196365, 0.025653354823589325, 0.6625941395759583, -0.0036823926493525505, -0.6706286668777466, 0.6544480323791504, -0.010231906548142433, -0.6817512512207031, 0.6632653474807739, -0.0036335752811282873, -0.009300700388848782, -0.7800856232643127, -0.0143955172970891, -0.3306361138820648, -0.9750000238418579, -0.9750000238418579, 0.8044978976249695, 0.42367708683013916, 0.402068555355072, -0.5508391857147217, -0.3235732913017273, -0.3100975751876831, 0.622826099395752, -0.9750000238418579, -0.9750000238418579, 0.2548850476741791, -0.24784553050994873, -1.0, -0.3968695104122162, 0.02501527965068817, 0.02462064102292061, 0.6321961879730225, -0.035515401512384415, -0.703436553478241, -0.39779049158096313, 0.9397645592689514, 0.2692270278930664, 0.6318424344062805, 0.030939357355237007, 0.03364234045147896, -0.8470569849014282, -0.9448865652084351, -0.33777016401290894, -0.9750000238418579, -0.9750000238418579, 0.8404791951179504, 0.847872257232666, 0.758890688419342, -0.44516924023628235, -0.32995420694351196, -0.32073238492012024, 0.8436639904975891, -0.9750000238418579, -0.9750000238418579, -0.2083333432674408, 0.8004290461540222, -1.0, -0.3978320360183716, 0.025462497025728226, 0.024824876338243484, 0.631884753704071, -0.03550955280661583, -0.7034171223640442, -0.3996422588825226, 0.9391317367553711, 0.26831555366516113, 0.6318779587745667, 0.03279886022210121, 0.02889220044016838, -0.8972523808479309, -0.9419412016868591, -0.09246987849473953, -0.9750000238418579, -0.9750000238418579, 0.8406028151512146, 0.8476759791374207, 0.7506981492042542, -0.4295937418937683, -0.08020437508821487, -0.08876224607229233, 0.8434818387031555, -0.9750000238418579, -0.9750000238418579, 0.18382352590560913, 0.800017774105072, -1.0, 0.6542171239852905, 0.027312345802783966, 0.021739443764090538, 0.6632745265960693, -0.0033679031766951084, -0.670307457447052, 0.6530568599700928, -0.010185626335442066, -0.6784303784370422, 0.6632958054542542, 0.016749920323491096, 0.003993837162852287, -0.9654545783996582, -0.005746973212808371, -0.16215826570987701, -0.9750000238418579, -0.9750000238418579, 0.7693891525268555, 0.31405875086784363, 0.32148370146751404, -0.5509579181671143, -0.07841287553310394, -0.10000955313444138, 0.5415334105491638, -0.9750000238418579, -0.9750000238418579, -0.31565937399864197, 0.5014336109161377, -1.0, -1.0, -1.0, -1.0, -1.0, -1.0, -1.0, -1.0, -1.0, -1.0, -1.0, -1.0, -1.0]
result.coutput: [0.5994812846183777, -0.14640742540359497]
0.01815380295738578