violated
result.cinput: [0.38504457473754883, -0.026692479848861694, 0.025653354823589325, 0.4140472412109375, -0.30214640498161316, -0.9190924763679504, 0.38537830114364624, -0.28345438838005066, -0.9500473737716675, 0.41481754183769226, -0.0036335752811282873, -0.009300700388848782, -0.8309215307235718, 0.005079986993223429, -0.13146011531352997, -0.9750000238418579, -0.9750000238418579, 0.7890167236328125, 0.3791791796684265, 0.3583333194255829, -0.39688146114349365, -0.10346253216266632, -0.05902249366044998, 0.5933229923248291, -0.9750000238418579, -0.9750000238418579, 0.2548850476741791, -0.24784553050994873, -1.0, -0.6526191830635071, 0.02501527965068817, 0.02462064102292061, 0.3714926242828369, -0.2956826984882355, -0.9638171792030334, -0.6525647044181824, 0.6315352320671082, 0.014475191943347454, 0.37119537591934204, 0.030939357355237007, 0.03364234045147896, -0.882009744644165, -0.9513879418373108, -0.08915518969297409, -0.9750000238418579, -0.9750000238418579, 0.8130245804786682, 0.8214842081069946, 0.7326242923736572, -0.24753443896770477, -0.13292700052261353, -0.07109872251749039, 0.8166866898536682, -0.9750000238418579, -0.9750000238418579, -0.2083333432674408, 0.8004290461540222, -1.0, -0.6527982950210571, 0.025462497025728226, 0.024824876338243484, 0.37126490473747253, -0.2957324981689453, -0.9638141989707947, -0.6528773307800293, 0.6320371627807617, 0.013199697248637676, 0.37121090292930603, 0.03279886022210121, 0.02889220044016838, -0.9184126257896423, -0.9507763385772705, 0.23067986965179443, -0.9750000238418579, -0.9750000238418579, 0.812980592250824, 0.8215251564979553, 0.7245404720306396, -0.23203665018081665, 0.25841522216796875, 0.23036855459213257, 0.816712498664856, -0.9750000238418579, -0.9750000238418579, 0.18382352590560913, 0.800017774105072, -1.0, 0.3849649131298065, 0.027312345802783966, 0.021739443764090538, 0.41468381881713867, -0.30202484130859375, -0.9189045429229736, 0.3854372799396515, -0.33106356859207153, -0.9480971097946167, 0.41466599702835083, 0.016749920323491096, 0.003993837162852287, -0.9680581092834473, 0.012744182720780373, 0.09010114520788193, -0.9750000238418579, -0.9750000238418579, 0.7517303824424744, 0.26468783617019653, 0.27279746532440186, -0.3968934416770935, 0.28035005927085876, 0.22322425246238708, 0.5080175399780273, -0.9750000238418579, -0.9750000238418579, -0.31565937399864197, 0.5014336109161377, -1.0, -1.0, -1.0, -1.0, -1.0, -1.0, -1.0, -1.0, -1.0, -1.0, -1.0, -1.0, -1.0]
result.coutput: [-0.10366011410951614, -0.3360010087490082]
0.024922624696046114