violated
result.cinput: [-0.013535762205719948, 0.3606538474559784, -0.8959599733352661, -0.007253417745232582, -0.6238396763801575, 0.6596495509147644, 0.043116405606269836, -0.6960626840591431, 0.6626154184341431, 0.04305329918861389, -0.014958460815250874, -0.03289464861154556, -0.7946069240570068, -0.07933523505926132, -0.24813777208328247, -0.9674572348594666, -0.9857522249221802, 0.7285565137863159, 0.3106261193752289, 0.2776004672050476, -0.5254144072532654, -0.21209469437599182, -0.24431855976581573, 0.5177018642425537, -1.0, -0.9750000238418579, 0.13716214895248413, -0.2997967600822449, -0.9750000238418579, 0.9956362247467041, -0.7381894588470459, 0.020615359768271446, 0.0021189693361520767, -0.6640811562538147, 0.6698347926139832, 1.0, 0.26428911089897156, -0.3781893253326416, 0.0019070953130722046, -0.021799562498927116, -0.0163576602935791, -0.8581413626670837, 1.0, -0.25592008233070374, -0.9260124564170837, -0.932345986366272, 0.8003162145614624, 0.8110562562942505, 0.6557566523551941, -0.3980434834957123, -0.22049477696418762, -0.2564784288406372, 0.7545251250267029, -0.9750000238418579, -1.0, 0.011065566912293434, 0.8003153800964355, -1.0, 0.9829164743423462, -0.7383249402046204, 0.07447626441717148, -0.04817791283130646, -0.6748778223991394, 0.6693799495697021, 0.9997878670692444, 0.26258960366249084, -0.38082587718963623, -0.048272136598825455, -0.01925821416079998, -0.02110780030488968, -0.9042808413505554, -0.9926166534423828, 0.03093803860247135, -0.9786065816879272, -0.9862314462661743, 0.7566349506378174, 0.7654352784156799, 0.6626760959625244, -0.3889464735984802, 0.09650776535272598, 0.009086066856980324, 0.7608453035354614, -0.9750000238418579, -0.9750000238418579, 0.18970589339733124, 0.7498472332954407, -1.0, -0.014296231791377068, 0.3530173897743225, -0.8975001573562622, 0.04198472946882248, -0.6244162321090698, 0.6589744091033936, -0.00805554911494255, -0.6448685526847839, 0.662794291973114, -0.007973534986376762, 0.00607835128903389, 0.003993837162852287, -0.9662542343139648, -0.07369927316904068, -0.04825226590037346, -0.9705595970153809, -0.9371462464332581, 0.6972560286521912, 0.30034416913986206, 0.28610700368881226, -0.5242704153060913, 0.1183420792222023, 0.006537286564707756, 0.5046359896659851, -0.9750000238418579, -0.9750000238418579, -0.03291834518313408, 0.4997309744358063, -0.9750000238418579, -1.0, -1.0, -1.0, -1.0, -1.0, -0.9750000238418579, -1.0, -1.0, -1.0, -1.0, -1.0, -1.0]
result.coutput: [0.0834965705871582, 0.08349039405584335]
12.201326378853992