violated
result.cinput: [-0.6419161558151245, -0.3452379107475281, 0.40061551332473755, -0.6284548044204712, 0.7059600949287415, 0.039231590926647186, -0.6381374597549438, 0.683702826499939, 0.02887195535004139, -0.6274023056030273, -0.0036335752811282873, -0.009300700388848782, -0.8044663667678833, -0.01683361455798149, -0.18890902400016785, -0.9462286233901978, -0.955376148223877, 0.7952929139137268, 0.368355393409729, 0.3748818039894104, -0.4660899341106415, -0.16857977211475372, -0.17579391598701477, 0.5987577438354492, -0.9750000238418579, -0.9750000238418579, 0.2548850476741791, -0.24784553050994873, -1.0, 0.3162134885787964, 0.6033506393432617, -0.6086986064910889, -0.6691855788230896, 0.6666684746742249, -0.0004959513898938894, 0.3188876807689667, -0.3591174781322479, 0.9440151453018188, -0.6692200303077698, 0.030939357355237007, 0.03364234045147896, -0.8648515343666077, -0.96213698387146, -0.1964414119720459, -0.9502010941505432, -0.952375590801239, 0.8159315586090088, 0.8260621428489685, 0.7346888184547424, -0.335755318403244, -0.17660900950431824, -0.18803918361663818, 0.8198720812797546, -0.9750000238418579, -0.9750000238418579, -0.2083333432674408, 0.8004290461540222, -1.0, 0.31552591919898987, 0.6010330319404602, -0.5962885618209839, -0.6692685484886169, 0.6664649844169617, -0.0009090476087294519, 0.3178199529647827, -0.35966935753822327, 0.987863302230835, -0.6693199276924133, 0.03279886022210121, 0.02889220044016838, -0.9071388244628906, -1.0, 0.09083476662635803, -0.9521210789680481, -0.9521949887275696, 0.8223124146461487, 0.8304809331893921, 0.7340844869613647, -0.32205256819725037, 0.13243801891803741, 0.08081593364477158, 0.8262467980384827, -0.9750000238418579, -0.9750000238418579, 0.18382352590560913, 0.7999609112739563, -1.0, -0.6424657702445984, -0.34447938203811646, 0.39859336614608765, -0.6285969614982605, 0.7055909633636475, 0.038431037217378616, -0.6387503147125244, 0.6850338578224182, 0.031577933579683304, -0.6285562515258789, 0.016749920323491096, 0.003993837162852287, -0.9666916728019714, -0.011941108852624893, 0.011990807019174099, -0.9463318586349487, -0.9550849795341492, 0.7651336193084717, 0.3255229890346527, 0.259998083114624, -0.46597719192504883, 0.15185445547103882, 0.07760139554738998, 0.5385854840278625, -0.9750000238418579, -0.9750000238418579, -0.31565937399864197, 0.5014336109161377, -1.0, -1.0, -1.0, -1.0, -1.0, -1.0, -1.0, -1.0, -1.0, -1.0, -1.0, -1.0, -1.0]
result.coutput: [-0.4640556871891022, -0.6427450180053711]
0.01634508091956377