violated
result.cinput: [-0.8258798718452454, 0.023307520896196365, 0.025653354823589325, -0.8150560259819031, 0.51944500207901, -0.1473391354084015, -0.8267409801483154, 0.5106651186943054, -0.16147524118423462, -0.8139849305152893, -0.0036335752811282873, -0.009300700388848782, -0.7916210293769836, -0.009856277145445347, -0.2887772023677826, -0.9750000238418579, -0.9750000238418579, 0.8040794730186462, 0.39361095428466797, 0.3997044861316681, -0.5247306227684021, -0.32976144552230835, -0.2670939564704895, 0.6150621175765991, -0.9750000238418579, -0.9750000238418579, 0.2548850476741791, -0.24784553050994873, -1.0, 0.12573672831058502, 0.02501527965068817, 0.02462064102292061, -0.8510211706161499, 0.48517507314682007, -0.18202130496501923, 0.12435822188854218, -0.5396572947502136, 0.7915992736816406, -0.8510161638259888, 0.030939357355237007, 0.03364234045147896, -0.8561503887176514, -0.9458156824111938, -0.2951503396034241, -0.9750000238418579, -0.9750000238418579, 0.8289443850517273, 0.8389242887496948, 0.7470650672912598, -0.4100070595741272, -0.3392397463321686, -0.27793052792549133, 0.8326613306999207, -0.9750000238418579, -0.9750000238418579, -0.2083333432674408, 0.8004858493804932, -1.0, 0.1271265745162964, 0.025462497025728226, 0.024824876338243484, -0.8510547876358032, 0.48512738943099976, -0.18249545991420746, 0.1258324384689331, -0.5372728109359741, 0.7917967438697815, -0.8510627150535583, 0.03279886022210121, 0.02889220044016838, -0.9022291898727417, -0.9466442465782166, -0.095567986369133, -0.9750000238418579, -0.9750000238418579, 0.8353769779205322, 0.8430190086364746, 0.7464563250541687, -0.3995884358882904, -0.03240451216697693, -0.09317213296890259, 0.8390814065933228, -0.9750000238418579, -0.9750000238418579, 0.18382352590560913, 0.800017774105072, -1.0, -0.8245059847831726, 0.027312345802783966, 0.021739443764090538, -0.8152766227722168, 0.5189637541770935, -0.14822953939437866, -0.8249687552452087, 0.513111412525177, -0.15667320787906647, -0.8152719140052795, 0.016749920323491096, 0.003993837162852287, -0.9659872055053711, -0.00832367967814207, -0.16542039811611176, -0.9750000238418579, -0.9750000238418579, 0.7730854153633118, 0.3472534716129303, 0.3319741189479828, -0.5275284647941589, -0.013442420400679111, -0.04787125438451767, 0.5535332560539246, -0.9750000238418579, -0.9750000238418579, -0.31565937399864197, 0.5008660554885864, -1.0, -1.0, -1.0, -1.0, -1.0, -1.0, -1.0, -1.0, -1.0, -1.0, -1.0, -1.0, -1.0]
result.coutput: [0.22935232520103455, -0.4367472231388092]
0.019333959091454744