violated
result.cinput: [-0.34227150678634644, -0.023361805826425552, 0.7268056273460388, -0.3291337490081787, -0.9948034286499023, 0.3377147912979126, -0.33634868264198303, 0.9784033894538879, 0.3407309651374817, -0.3288768529891968, 0.005041539669036865, -0.05289464816451073, -0.841364324092865, -0.048030998557806015, -0.15122941136360168, -0.940567672252655, -0.957932710647583, 0.7410250902175903, 0.2686019241809845, 0.27750590443611145, -0.45293617248535156, -0.11789234727621078, -0.1461743414402008, 0.5245031118392944, -1.0, -1.0, 0.16716215014457703, -0.2784959375858307, -1.0, 0.6199040412902832, 0.9319360852241516, -0.31922003626823425, -0.3739047646522522, 0.9710139632225037, 0.29437577724456787, 0.6251680254936218, -0.06021198630332947, -0.7052180767059326, -0.36404162645339966, -0.0017995627131313086, 0.013642340898513794, -0.8893515467643738, 1.0, -0.15793512761592865, -0.9499314427375793, -0.9553080797195435, 0.7602778077125549, 0.7810523509979248, 0.6762905716896057, -0.3231390118598938, -0.126456156373024, -0.15568488836288452, 0.7646591067314148, -0.9950000047683716, -0.9950000047683716, 0.04106556624174118, 0.7804290056228638, -1.0, 0.6187604665756226, 0.932622492313385, -0.3048793375492096, -0.37407591938972473, 0.9709365963935852, 0.29383042454719543, 0.6237583160400391, -0.06216106191277504, -0.7062068581581116, -0.3641480803489685, 0.0007417858578264713, 0.008892200887203217, -0.9298808574676514, -0.9948015809059143, 0.14742684364318848, -0.9617842435836792, -0.9528107047080994, 0.7669298052787781, 0.7854048013687134, 0.6731690168380737, -0.30804121494293213, 0.2151995450258255, 0.1294141411781311, 0.780577540397644, -1.0, -0.9950000047683716, 0.16970588266849518, 0.7699609398841858, -1.0, -0.3430158793926239, -0.02613624557852745, 0.7198618650436401, -0.33008334040641785, -0.986362099647522, 0.3369414210319519, -0.33760157227516174, 0.9800037145614624, 0.3329174220561981, -0.32001692056655884, -0.013921649195253849, -0.016006164252758026, -0.9935311675071716, -0.045389000326395035, 0.06421118974685669, -0.9454138278961182, -0.9600853323936462, 0.7098199725151062, 0.24992045760154724, 0.23574291169643402, -0.45132526755332947, 0.23679755628108978, 0.1273336410522461, 0.47047513723373413, -0.9950000047683716, -1.0, -0.011759788729250431, 0.48086607456207275, -0.9950000047683716, -1.0, -1.0, -1.0, -1.0, -0.9950000047683716, -0.9950000047683716, -1.0, -1.0, -1.0, -1.0, -1.0, -1.0]
result.coutput: [-0.04877334088087082, -0.04877978563308716]
0.14356030500493944