violated
result.cinput: [-0.2524683177471161, -0.0066924793645739555, -0.004346644505858421, -0.22198578715324402, -0.888487696647644, 0.4449116587638855, -0.25251656770706177, -0.9199783205986023, 0.4146752655506134, -0.22163960337638855, 0.005041539669036865, -0.06289464980363846, -0.8543156385421753, -0.020939968526363373, -0.09860580414533615, -0.9950000047683716, -0.9950000047683716, 0.7681798934936523, 0.3467739224433899, 0.3347872197628021, -0.41693535447120667, -0.09157587587833405, -0.07942938059568405, 0.571770191192627, -0.9950000047683716, -0.9950000047683716, 0.15175676345825195, -0.2678455412387848, -0.9950000047683716, 0.7132685780525208, -0.0052595618180930614, -0.005379358306527138, -0.2646055519580841, -0.9301367402076721, 0.4034949541091919, 0.712994396686554, 0.046673573553562164, -0.6202119588851929, -0.2647342085838318, -0.0017995627131313086, 0.013642340898513794, -0.9036908149719238, -0.9809780716896057, -0.10681402683258057, -1.0, -0.9950000047683716, 0.7847777605056763, 0.7953436374664307, 0.6896131634712219, -0.26666587591171265, -0.10105792433023453, -0.08896443992853165, 0.7789099216461182, -0.9950000047683716, -1.0, 0.024508189409971237, 0.7804858684539795, -1.0, 0.7131466865539551, -0.0038365977816283703, 0.004904485773295164, -0.26426398754119873, -0.929742157459259, 0.40358537435531616, 0.7130511403083801, 0.04575673118233681, -0.620992124080658, -0.26434314250946045, 0.0007417858578264713, 0.008892200887203217, -0.9390736818313599, -0.9807010293006897, 0.22574010491371155, -1.0, -1.0, 0.7822340726852417, 0.782211184501648, 0.6976056098937988, -0.2616255581378937, 0.25551488995552063, 0.2148551344871521, 0.7930454611778259, -0.9950000047683716, -0.9950000047683716, 0.16382353007793427, 0.7700177431106567, -1.0, -0.24993440508842468, 0.005763820838183165, -0.0054009598679840565, -0.21990719437599182, -0.8862056732177734, 0.447106271982193, -0.24966548383235931, -0.9160608649253845, 0.41811996698379517, -0.21980835497379303, -0.023921649903059006, -0.016006164252758026, -0.9881263971328735, -0.017303507775068283, 0.1277356594800949, -0.9950000047683716, -0.9950000047683716, 0.7386021614074707, 0.30133143067359924, 0.2961004078388214, -0.41836705803871155, 0.27702078223228455, 0.2147316038608551, 0.5062035918235779, -0.9950000047683716, -0.9950000047683716, -0.027346380054950714, 0.4714336097240448, -0.9950000047683716, -1.0, -1.0, -1.0, -1.0, -0.9950000047683716, -1.0, -1.0, -1.0, -1.0, -1.0, -1.0, -1.0]
result.coutput: [0.1494731903076172, 0.14946867525577545]
0.09540944080799818