violated
result.cinput: [-0.19594132900238037, -0.543633222579956, -0.5748279094696045, -0.21834303438663483, -0.884814441204071, 0.4485820531845093, -0.26013118028640747, -0.8575815558433533, 0.4800143241882324, -0.21803498268127441, -0.014958460815250874, -0.03289464861154556, -0.7637670040130615, -0.05834882706403732, -0.4468853175640106, -0.9376749992370605, -0.9743659496307373, 0.748221755027771, 0.3544347584247589, 0.333156019449234, -0.6333712935447693, -0.4403696656227112, -0.4375041425228119, 0.5604037642478943, -0.9750000238418579, -0.9750000238418579, 0.18716216087341309, -0.2997967600822449, -0.9750000238418579, 0.7482234239578247, 0.3912213444709778, 0.33739688992500305, -0.24858471751213074, -0.9140185117721558, 0.4193597137928009, 0.7344715595245361, 0.03737574815750122, -0.5768323540687561, -0.24874749779701233, -0.021799562498927116, -0.0163576602935791, -0.8349253535270691, -0.9853197336196899, -0.4606357216835022, -0.9937915802001953, -0.9465276598930359, 0.7967322468757629, 0.803851842880249, 0.7500095367431641, -0.5412976145744324, -0.45608869194984436, -0.4541185200214386, 0.7998343706130981, -0.9750000238418579, -1.0, 0.011065566912293434, 0.7503154873847961, -1.0, 0.6657062768936157, 0.36222168803215027, 0.3661760985851288, -0.2822265923023224, -0.9140679240226746, 0.4193720519542694, 0.6904832720756531, 0.053803570568561554, -0.6113723516464233, -0.2986031174659729, -0.01925821416079998, -0.02110780030488968, -0.9475537538528442, -0.9564182162284851, -0.16011188924312592, -0.996401309967041, -0.9476339817047119, 0.8465752005577087, 0.8037658929824829, 0.749647855758667, -0.48550906777381897, -0.14562083780765533, -0.1690136343240738, 0.8000825047492981, -0.9750000238418579, -0.9750000238418579, 0.13970588147640228, 0.7998471856117249, -1.0, -0.2824071943759918, -0.5370301604270935, -0.5867341160774231, -0.21620230376720428, -0.8828117251396179, 0.4507671296596527, -0.24447163939476013, -0.8928087949752808, 0.44270819425582886, -0.21625523269176483, 0.00607835128903389, 0.003993837162852287, -0.9653623700141907, -0.017021000385284424, -0.23606351017951965, -0.9892718195915222, -0.9990540146827698, 0.7379308938980103, 0.33636847138404846, 0.341663122177124, -0.6045020222663879, -0.13752557337284088, -0.18604159355163574, 0.5258871912956238, -1.0, -1.0, -0.04734638333320618, 0.49973005056381226, -1.0, -1.0, -1.0, -1.0, -1.0, -0.9988967776298523, -0.9750000238418579, -1.0, -1.0, -1.0, -1.0, -1.0, -1.0]
result.coutput: [0.9634311199188232, -0.9192308187484741]
0.10262504988349974