violated
result.cinput: [0.7865110635757446, -0.9042902588844299, -0.15689241886138916, 0.7939532399177551, 0.12737178802490234, -0.5394038558006287, 0.791329562664032, 0.10801859945058823, -0.5404298305511475, 0.7944429516792297, 0.020041540265083313, -0.04789464920759201, -0.8047148585319519, -0.04044302552938461, -0.2510415315628052, -0.9503421783447266, -0.9832897186279297, 0.7598744630813599, 0.35095009207725525, 0.3586997389793396, -0.5119643807411194, -0.22411154210567474, -0.2414058893918991, 0.562981367111206, -0.9900000095367432, -0.9900000095367432, 0.1667567640542984, -0.2751300632953644, -0.9900000095367432, -0.25790053606033325, 0.047070279717445374, 0.8049406409263611, 0.7578299641609192, 0.0898265689611435, -0.5777592658996582, -0.2535979151725769, -0.9370831847190857, 0.41588038206100464, 0.7574828863143921, -0.006799562834203243, 0.01864233985543251, -0.8700379729270935, -0.9876928925514221, -0.258181095123291, -0.9573416113853455, -0.9815639853477478, 0.7827905416488647, 0.7932058572769165, 0.6868840456008911, -0.3899728059768677, -0.23247787356376648, -0.25734636187553406, 0.8070645332336426, -1.0, -0.9900000095367432, 0.039508190006017685, 0.7654858827590942, -1.0, -0.25916773080825806, 0.03416147083044052, 0.7586389183998108, 0.7573240995407104, 0.08971475809812546, -0.5782915353775024, -0.25381970405578613, -0.9388927817344666, 0.41371938586235046, 0.7572125792503357, 0.015741785988211632, 0.013892200775444508, -0.9368723630905151, -1.0, 0.01473321858793497, -0.9582237005233765, -0.9620638489723206, 0.8095520734786987, 0.8172720670700073, 0.6942253708839417, -0.38333508372306824, 0.06454545259475708, 0.004887089598923922, 0.7930803298950195, -0.9900000095367432, -0.9900000095367432, 0.16882354021072388, 0.7650177478790283, -1.0, 0.7860913872718811, -0.899536669254303, -0.1700778752565384, 0.7933637499809265, 0.12688669562339783, -0.5402441620826721, 0.7909809947013855, 0.10939984023571014, -0.5406188368797302, 0.7934490442276001, -0.008921649307012558, -0.031006162986159325, -1.0, -0.05624057352542877, -0.06039046496152878, -0.9732533097267151, -0.9845783114433289, 0.7296018004417419, 0.3322412371635437, 0.29692351818084717, -0.5115769505500793, 0.08690816164016724, -0.0009192917495965958, 0.502479076385498, -0.9900000095367432, -1.0, -0.012346381321549416, 0.4664336144924164, -1.0, -1.0, -1.0, -1.0, -1.0, -0.9900000095367432, -0.9900000095367432, -1.0, -1.0, -1.0, -1.0, -1.0, -1.0]
result.coutput: [0.1474161148071289, 0.1474127322435379]
0.29703396186232567