violated
result.cinput: [-0.8814412951469421, -0.5891154408454895, 0.20167115330696106, -0.8592734336853027, 0.4743536114692688, -0.19247664511203766, -0.8787913918495178, 0.4464220404624939, -0.21060490608215332, -0.8591418862342834, 0.020041540265083313, -0.04789464920759201, -0.8393372893333435, -0.0402187705039978, -0.13326960802078247, -0.9651166796684265, -0.9736467599868774, 0.773598313331604, 0.3417739272117615, 0.32096928358078003, -0.4430708587169647, -0.11570686846971512, -0.11982467770576477, 0.5575466156005859, -1.0, -1.0, 0.1667567640542984, -0.28284552693367004, -0.9900000095367432, 0.08141959458589554, 0.3786768317222595, -0.8847283720970154, -0.9050999879837036, 0.43127697706222534, -0.21628250181674957, 0.08389944583177567, -0.59270179271698, 0.7523078918457031, -0.9051280617713928, 0.013200436718761921, 0.01864233985543251, -0.9114477038383484, -0.9787139296531677, -0.1401194930076599, -0.9695073962211609, -0.9703581929206848, 0.798117458820343, 0.7866007685661316, 0.6832559704780579, -0.2985478341579437, -0.12340747565031052, -0.12825199961662292, 0.7817537784576416, -0.9900000095367432, -0.9900000095367432, 0.039508190006017685, 0.7654858827590942, -1.0, 0.08118691295385361, 0.40901508927345276, -0.8386102914810181, -0.9050055146217346, 0.4312644898891449, -0.2162659615278244, 0.08344708383083344, -0.5926031470298767, 0.7513922452926636, -0.9049484133720398, 0.015741785988211632, 0.013892200775444508, -0.9302507042884827, -0.997219979763031, 0.17373493313789368, -0.9709342122077942, -0.9728962182998657, 0.777980625629425, 0.7865251898765564, 0.6829577684402466, -0.2920781970024109, 0.2326977252960205, 0.18511717021465302, 0.8017125129699707, -1.0, -0.9900000095367432, 0.14882352948188782, 0.7650177478790283, -1.0, -0.8816895484924316, -0.5648086071014404, 0.16242599487304688, -0.859353244304657, 0.47448664903640747, -0.19228951632976532, -0.8787134289741516, 0.4479568898677826, -0.21011123061180115, -0.8594483137130737, -0.008921649307012558, -0.01100616343319416, -1.0, -0.0358535572886467, 0.08484247326850891, -0.9866990447044373, -0.9748649001121521, 0.7162889242172241, 0.2734847664833069, 0.28130942583084106, -0.4444020688533783, 0.24255739152431488, 0.16037733852863312, 0.49217960238456726, -0.9900000095367432, -0.9900000095367432, -0.012379969470202923, 0.4664336144924164, -0.9900000095367432, -1.0, -1.0, -1.0, -1.0, -0.9900000095367432, -0.9900000095367432, -1.0, -1.0, -1.0, -1.0, -1.0, -1.0]
result.coutput: [0.577892541885376, 0.5778889656066895]
2.4064196590334177